0.01 10.231774045615243 6.908618499906633 7.150479941224173 6.311026398221104 7.96435334501602
0.02 8.378275247860056 6.550797680173548 7.225505524103503 6.469598746524807 15.055752457023514
0.03 8.301482358600335 7.727641877820952 7.346590608786897 7.893888824265793 8.75668000441695
0.04 6.184809651648088 9.423053975843585 7.11817403434234 6.204763281145997 8.57264126589028
0.05 7.444587484071317 7.275129535392783 8.071441035566352 9.713835777076925 8.386975560845451
0.060000000000000005 8.975930671109193 7.540030616775204 10.570694302936381 7.006435294020102 8.480277251099833
0.07 7.485966266351948 7.459731313969057 7.737394232399418 6.896763227344027 10.210182397351888
0.08 8.762794334480095 14.472859120697283 8.398721111056801 9.152626713716742 12.955320769901874
0.09 11.259988710651331 7.120735458340984 8.35512121272487 6.853396732546886 17.149936652284207
0.09999999999999999 6.850058500887505 8.73842784071288 6.270426388694946 8.068414300052018 8.286315505614791
0.10999999999999999 14.897038613099454 7.486847717028243 7.955535348088848 7.358881521684097 9.640250854415028
0.11999999999999998 11.493211446260986 6.666493859361483 8.625723374085554 8.020178093758304 9.623812183829198
0.12999999999999998 10.553754088810265 10.776248804192218 9.677846970985827 8.43194833202107 10.12031506875693
0.13999999999999999 7.608301705173791 7.205442015657042 7.261559309144404 6.856771469284824 8.630546770711554
0.15 9.323129492165824 8.783212263273718 8.873212046726595 7.2562244056128655 6.8781705436743845
0.16 7.853210016521933 8.158523451940653 6.86695848771544 6.789169643827297 7.208833645413906
0.17 7.623838723712478 8.783330478150145 8.463866444878468 9.074363841386184 10.129275294132212
0.18000000000000002 7.565352043245255 7.5038157648522485 8.644257644993587 8.827230108152426 7.629885946171546
0.19000000000000003 7.605473164507634 7.797710193297499 6.7041545672651335 7.269098235298359 11.34412273756562
0.20000000000000004 7.92321387029648 7.841101905621235 10.953783410927251 7.337491806384769 7.03094093962365
0.21000000000000005 9.226354600213973 8.099226328572609 8.276122610887478 8.289002758327024 9.662396280020994
0.22000000000000006 8.485357812771841 6.830262951034069 7.645726151651497 9.405745252528616 8.292556054663892
0.23000000000000007 9.063599333837313 8.159577057150347 7.434967254124023 8.419156903818315 10.692429791418107
0.24000000000000007 6.838178743585603 6.874808693823024 7.510737344346984 7.5110849713655705 13.000073011507126
0.25000000000000006 7.999438524891838 12.345025331738572 8.792749268426247 8.548201490097528 7.707158719955628
0.26000000000000006 7.682029140934824 6.427429651793549 6.228411569067423 6.984140867594412 8.578992470771949
0.2700000000000001 9.797112000511879 7.751638410829784 9.73672006767221 7.47646034578701 10.31262546302286
0.2800000000000001 8.996255089231234 7.210509151581541 7.3127317069078535 8.78492824844518 8.266255954939693
0.2900000000000001 8.537174084696572 7.746049720252273 7.385440738496876 7.982653113591652 8.382060190707541
0.3000000000000001 8.70759822229991 8.046267012380342 9.538200485608193 8.391162257533452 9.667059502134762
0.3100000000000001 6.59205943546222 7.780070171773881 8.096653352923385 8.01559726432327 7.852989672793407
0.3200000000000001 11.730262574604353 7.978123378707187 8.262437757818681 7.738884713811165 12.135597590812282
0.3300000000000001 9.373699151235567 6.6095437280509355 7.6960453467515295 7.822698744473178 9.8221909277344
0.34000000000000014 8.034890793441676 7.515387802149572 9.759667934405869 8.116509560680093 7.692870604121747
0.35000000000000014 8.915764393458016 7.730303869272731 8.583427615596992 8.677566225777873 11.268610538238981
0.36000000000000015 7.63551268430576 8.518887077645104 7.851400882656861 6.935397580312994 10.00490046958695
0.37000000000000016 7.538760179811116 7.360156771929243 7.999902505287225 7.7874807365639995 7.325058337476772
0.38000000000000017 11.470921352572503 10.75365417510623 7.478792659445855 8.491079577008897 9.98651627726959
0.3900000000000002 8.754088420467356 7.958653467121092 11.299100372137328 11.344962878603305 8.339991130407235
0.4000000000000002 9.108548842370757 7.977733840685065 7.332781825070712 7.079397227451228 8.55926870626529
0.4100000000000002 7.5561178786895296 7.517269123746903 6.68458626482276 8.184609348068417 9.730489599981482
0.4200000000000002 9.173343055106026 7.955042840975308 7.4829790818595345 8.889122658051903 8.784073145692027
0.4300000000000002 8.082820893677257 8.465547140666866 8.878027104389348 9.900547042975617 10.886076180126233
0.4400000000000002 7.201808365126745 7.684902706141111 8.027591854624857 8.786878624660075 8.236448110821827
0.45000000000000023 11.527735217629532 7.7633055855700315 9.747560936599726 7.551936458589284 8.656753716350092
0.46000000000000024 7.528522180134063 10.183094939393447 8.596971186257978 10.748625993149108 7.833292469008289
0.47000000000000025 8.87019907434056 7.676933599101465 10.255449023608367 7.566348817694114 8.923347194107762
0.48000000000000026 11.856696617636558 7.732107655601097 7.89394270288136 8.904195316817571 7.28255736858398
0.49000000000000027 8.060777325793946 8.433866208075811 7.5171213009504365 7.391641004583013 7.568056781594901
0.5000000000000002 7.942015920653665 7.963077549640632 8.299497414450238 7.867487276235699 7.252974127514909
0.5100000000000002 9.903470578808454 8.741284560777743 9.490014315332715 9.135877479638426 9.308225823575473
0.5200000000000002 10.965865577803331 7.211227055792099 9.060648641572872 9.6030115031078 12.371383285090173
0.5300000000000002 7.790236374026771 8.75671573110586 7.962369529566398 8.458041906146102 10.008182322653402
0.5400000000000003 8.314820472314478 6.789756266644153 7.54801145043595 6.787396177111332 7.2230003563213305
0.5500000000000003 10.986183692142834 7.6565553279230265 8.124509806690366 8.03467205064053 9.770169204403437
0.5600000000000003 10.731229851091399 8.121205543406765 7.88028194545627 7.905221426660976 7.44180020852889
0.5700000000000003 14.345536145455036 8.420493122958248 9.413447198567066 9.478311985204895 9.955567043382779
0.5800000000000003 9.85256480273308 8.087259672334127 9.63174538493875 10.352827517728054 8.246422904484373
0.5900000000000003 10.571717291717025 8.85951951152661 8.854167194875762 11.72061955650907 10.513665127792558
0.6000000000000003 7.14670846903129 7.976604825048397 8.044518181359251 8.391478609201755 9.508847595719926
0.6100000000000003 9.4530701117272 7.9660074670264445 8.317084827733256 9.38607547384089 11.414091128346891
0.6200000000000003 11.90117933752402 9.74170234526617 8.38673112981025 8.850869877810517 11.807791952465259
0.6300000000000003 11.44483892834138 9.011683177543304 8.6565726024795 8.030595652619624 11.82120241642554
0.6400000000000003 8.612634316995555 7.1300843050319935 7.787351662336699 7.803904695107188 9.351912343877485
0.6500000000000004 10.695838437318077 10.063046599918177 8.041315018749732 9.037299211558764 7.801236196587937
0.6600000000000004 9.945299412591977 8.549910051801808 9.841411458755118 9.09717538877291 11.44495012874873
0.6700000000000004 7.6358114311883725 7.576550493334803 8.223028739017222 7.3110467622979485 12.868778138450297
0.6800000000000004 11.41167365103056 7.838579737090834 8.591091988137489 10.53142343541021 11.727430735619615
0.6900000000000004 10.679896005857083 11.359959677828954 7.697819043730423 7.54572056643524 8.218680741404784
0.7000000000000004 10.136568990165756 7.134758582177787 9.553755464046763 8.761767977777708 11.795946903864035
0.7100000000000004 9.97273954514294 11.221367186961924 7.858912280752217 7.108393182360766 12.479536009524999
0.7200000000000004 9.987960264932525 10.118291691954282 9.030673970235783 10.042011747852046 8.90836598120114
0.7300000000000004 7.55214620878615 7.1033707702409075 10.966245361464091 13.108430890145721 9.5035126001003
0.7400000000000004 9.534893682685471 8.910670638887003 8.765002179208802 8.383715269751702 10.063041596044215
0.7500000000000004 10.75460945548597 7.128064745553006 7.80527128383226 7.524045358985347 17.173935698010652
0.7600000000000005 9.1908304069524 8.22924303419353 7.39866233428805 7.430460559091386 8.551539869562404
0.7700000000000005 11.352418451452264 9.139558104578853 10.752941109920242 9.692523175990413 13.708643274694735
0.7800000000000005 14.219802248179297 13.947130143376276 9.06621341007541 8.939399710564878 14.419441705365267
0.7900000000000005 15.94088779611596 13.732739706509932 12.064534443756607 10.422361781954955 11.212120545471418
0.8000000000000005 8.059307238359823 10.20311945224524 7.8817158501709415 8.9895412133519 9.713024528305914
0.8100000000000005 10.529746839749972 8.103319901608003 8.09931976878022 8.790881929510139 10.565446464616402
0.8200000000000005 10.762136510460188 10.932565610945913 9.209720563044026 10.254626913045442 11.213373576215714
0.8300000000000005 9.188371613083824 12.796842852514331 12.498431765791512 10.486345545994624 11.012523001114186
0.8400000000000005 10.478286593809276 11.495354083392847 9.639057465329806 9.482266745388873 14.628619492399093
0.8500000000000005 11.309420177666855 14.443723720374166 10.17315171974634 9.992434418055957 15.014225069819194
0.8600000000000005 11.414738610209849 12.960611347438903 11.92396764484149 10.174954143247382 18.57282467517819
0.8700000000000006 9.916884812315116 9.918425439090868 12.72531458747585 11.569046684949761 10.950240198726018
0.8800000000000006 11.053335108419766 20.32037426656857 12.67399925405251 10.657340307454763 15.835147472704195
0.8900000000000006 10.608513056542442 13.507009599376108 8.955989447170062 12.052858864089451 19.04338461750178
0.9000000000000006 14.344265513880213 8.424166701650254 9.504190468178841 8.218882000331252 14.501216005923993
0.9100000000000006 11.57750286341222 16.486412341107375 19.506679215739652 14.139028839978472 13.057501200398123
0.9200000000000006 16.387996864045057 9.787233494663916 11.057897433497814 9.764009487363332 11.760569325272897
0.9300000000000006 16.585407794132543 13.8286550469548 20.02185381874945 13.102527082172097 15.692241267473147
0.9400000000000006 14.746947605237121 8.786566027844117 11.240197871249507 12.02976246136153 13.735884555251516
0.9500000000000006 10.294741424037618 16.40358794458224 14.954701958340506 13.316988489640414 15.03114851827523
0.9600000000000006 15.294636731864507 21.29735067815846 15.640106284611356 23.741753394100694 15.875574500973265
0.9700000000000006 12.826933392324174 14.673485273997409 11.928745227512703 15.366213350176661 19.119644340501182
0.9800000000000006 14.018357486352105 15.02038602046741 20.42087180010904 19.33493783665837 22.355685418014943
0.9900000000000007 20.098202840598915 20.129451808650064 17.00777272277939 17.113089948726664 21.333246785531596
