0.05 18.645521201382344 16.259494704619605 19.25389830534572 17.96476020957303 22.416566635217215
0.1 16.632734651695984 17.696591007687463 21.612126638284327 20.209884576912266 22.312383094279674
0.15000000000000002 19.612295551896768 18.033058895685087 19.630243899724555 18.903548613751905 15.99308714876188
0.2 18.079598220672676 18.390480035073974 18.614453665342097 20.015386644890533 18.184177326989815
0.25 16.49885939588449 19.069445344370514 15.142356116805596 14.85933302644586 22.14627888814951
0.3 18.589467274927088 16.79358409981678 16.890765539067093 18.692664295628703 17.477770528462766
0.35 22.803951373327763 16.547502897303545 18.82864896820178 21.27803708911158 16.59591913486649
0.39999999999999997 22.467850381861233 16.872824566370717 17.356004227518575 19.7047207014158 21.081382213718516
0.44999999999999996 19.3138155493728 20.21954529183141 18.87383997494994 19.485879238136896 19.09555907451307
0.49999999999999994 19.456058021247205 18.199802684933253 20.617586911652463 19.6427912012468 18.381112949221514
0.5499999999999999 19.684571617704204 19.968646524772126 19.498586385227252 21.564224583639824 20.922981999370407
0.6 21.568427783232654 18.044724272511395 18.125569506915618 19.08536831623675 20.447012795404316
0.65 21.733973244622447 19.91624379869836 20.068123139522616 22.53713259408113 23.58957501358073
0.7000000000000001 20.575994419589946 20.05394358723754 17.469899854493548 17.443166429610145 19.548023983493962
0.7500000000000001 23.25618724112751 25.340396815115938 19.984292833176248 22.47555397971534 27.738415152165558
0.8000000000000002 23.972332104380488 24.278272597477653 20.13856699065949 22.376150379396254 17.064737052867443
0.8500000000000002 22.90464600781071 25.244822748841827 24.018793328576805 22.673039132939316 24.786608673710177
0.9000000000000002 25.588809096046056 23.08374330501658 20.308437423994103 20.856186058350552 22.439891367857907
0.9500000000000003 25.545614053109265 22.909441892105644 25.10369016094112 23.972122075497367 26.256834107234056
