0.05 17.333383429459367 17.71988243347566 15.845823636538151 15.731532283890406 17.966070171896348
0.1 17.25956096121903 14.1079572931159 17.94591695144158 16.87217734072309 16.801069702495152
0.15000000000000002 17.199493084933415 19.62807526012424 15.982084181400351 15.618452934177867 17.57405460461348
0.2 15.41855344997956 16.99382637889338 15.58815074121107 16.386031936985532 18.553710391141603
0.25 15.812190375267237 17.86610219014937 17.878118652693708 16.74346468199402 18.30604800152802
0.3 17.2301021991959 15.498888554075481 15.342681242309398 18.546157724839922 17.616009388859588
0.35 25.873295835331334 17.934173873331808 19.368615533133102 16.41935536497695 20.755497174051975
0.39999999999999997 16.015812281066573 21.5127742152385 19.656719161382032 19.333622604579354 20.933753251828854
0.44999999999999996 17.03848623615112 16.532285467166105 19.60990423475738 18.73035902070376 20.127517761510575
0.49999999999999994 21.346624744785487 14.920115664935143 20.058601326562716 16.359500610860675 20.57564623712144
0.5499999999999999 18.92964643434383 16.798798885037627 15.44051751945823 15.626786925373374 19.25547059975952
0.6 19.685170292787216 18.83564393662521 17.17873206667697 17.334093512244113 16.696867884433424
0.65 19.847374379568777 16.97459388975972 17.358299455651668 16.337383957064322 19.234283142772288
0.7000000000000001 17.500108760754063 18.322833080827976 17.161871877655674 17.539067377064207 16.957147935074524
0.7500000000000001 19.683092510939826 16.95625760614248 19.672099872079094 21.882436784018637 24.234735401189397
0.8000000000000002 18.14674227036101 24.860644856573344 17.2480171533849 16.171291639598437 27.18224724746314
0.8500000000000002 24.342109159756532 22.296213151778154 24.11596792246243 22.220978792404924 25.64943220543381
0.9000000000000002 27.080024164355248 23.12142827258466 19.395997933466667 21.18136762282552 23.371480261385766
0.9500000000000003 28.668734551158266 24.398734611710026 22.972118018865746 26.67084726310452 26.792931605978485
